10
0 -999 -4995 39960 479520
1.11111 -90124.3 -1.35517e+06 -1.57718e+07 -1.42332e+08
2.22222 -2.70346e+08 -1.18357e+09 -4.5419e+09 -1.50421e+10
3.33333 -1.24462e+10 -3.45172e+10 -8.4612e+10 -1.80469e+11
4.44444 -1.7389e+11 -3.56229e+11 -6.46688e+11 -1.02409e+12
5.55556 -1.31708e+12 -2.14505e+12 -3.09932e+12 -3.91076e+12
6.66667 -6.83705e+12 -9.25102e+12 -1.11116e+13 -1.16625e+13
7.77778 -2.74304e+13 -3.17611e+13 -3.26574e+13 -2.93529e+13
8.88889 -9.12498e+13 -9.23628e+13 -8.30396e+13 -6.52765e+13
10 -2.63227e+14 -2.36702e+14 -1.89088e+14 -1.32093e+14
